What happens when program was working in the vmstat1:

Mach Virtual Memory Statistics: (page size of 16384 bytes)
    free   active   specul inactive throttle    wired  prgable   faults     copy    0fill reactive   purged file-backed anonymous cmprssed cmprssor  dcomprs   comprs  pageins  pageout  swapins swapouts
    3746    82976      343    81619        0   106154        2  831711K  8212188  220725K  251072K 20156669       60142    104796  1534303   213785  392499K  420573K 22012311   354287 14753032 15491556
    4412    84178      428    82906        0   102715      140     6774      145     2468     4588      480       60538    106974  1535037   214023     2238     2977      377        0      124        0
    1596    75330     3156    71324        0   113094        0    51092      215     6466    16105     1608       55904     93906  1546009   224143    28572    39620     2562        1     7410     2424
    3595    75777     4678    69920        0   110638        2    94196     1247     4786    22836       60       55139     95236  1548369   224025    44233    47643     1782        0     5007     5296
    1858    80317     4568    75055        0   100197        0    18648        0     5830     4872     1201       55089    104851  1549923   226593    10930    12573       23       20     2014        0
    2089    72545     5605    66188        0   124018        0    61151        2    17416    27318     3823       53787     90551  1543131   218166    44713    38932      396       24     5016    10520
    2793    77335     6266    69880        0   118641        0    61538        4     7221    17559     1965       53460    100021  1543049   213690    34947    36956      885        0     3513     8680
    4635    81627     7136    73693        0   105581        0   117657      628     6350    23221     1029       55210    107246  1548628   215973    75914    81581     1212        0     8876        0
    5219    70205     4859    64643        0   127537        0    75544      124     8580    20856     4753       52156     87551  1553585   216175    61646    67878      228        0      286    10352
    5290    81782     4835    76514        0   109850        0    21794        0      329     2601     2309       51369    111762  1540794   210365    14820     9211       14        1      416     3900
